4
3.0 1.0
3.0 2.0
3.0 3.0
3.0 4.0
3.0 5.0
3.0 6.0
3.0 7.0
3.0 8.0
3.0 9.0
3.0 10.0
3.0 11.0
3.0 12.0
3.0 13.0
3.0 14.0
3.0 15.0
3.0 16.0
3.0 17.0
3.0 18.0
3.0 19.0
3.0 20.0
3.0 21.0
3.0 22.0
3.0 23.0
3.0 24.0
3.0 25.0
3.0 26.0
3.0 27.0
3.0 28.0
3.0 29.0
3.0 30.0
3.0 31.0
3.0 32.0
3.0 33.0
3.0 34.0
3.0 35.0
3.0 36.0
3.0 37.0
3.0 38.0
3.0 39.0
3.0 40.0
3.0 41.0
3.0 42.0
3.0 43.0
3.0 44.0
3.0 45.0
3.0 46.0
3.0 47.0
3.0 48.0
3.0 49.0
3.0 50.0
3.0 51.0
3.0 52.0
3.0 53.0
3.0 54.0
3.0 55.0
3.0 56.0
3.0 57.0
3.0 58.0
3.0 59.0
3.0 60.0
3.0 61.0
3.0 62.0
3.0 63.0
3.0 64.0
3.0 65.0
3.0 66.0
3.0 67.0
3.0 68.0
3.0 69.0
3.0 70.0
3.0 71.0
3.0 72.0
3.0 73.0
3.0 74.0
3.0 75.0
3.0 76.0
3.0 77.0
3.0 78.0
3.0 79.0
3.0 80.0
3.0 81.0
3.0 82.0
3.0 83.0
3.0 84.0
3.0 85.0
3.0 86.0
3.0 87.0
3.0 88.0
3.0 89.0
3.0 90.0
3.0 91.0
3.0 92.0
3.0 93.0
3.0 94.0
3.0 95.0
3.0 96.0
3.0 97.0
3.0 98.0
3.0 99.0
3.0 100.0
3.0 101.0
3.0 102.0
3.0 103.0
3.0 104.0
3.0 105.0
3.0 106.0
3.0 107.0
3.0 108.0
3.0 109.0
3.0 110.0
3.0 111.0
3.0 112.0
3.0 113.0
3.0 114.0
3.0 115.0
3.0 116.0
3.0 117.0
3.0 118.0
3.0 119.0
3.0 120.0
3.0 121.0
3.0 122.0
3.0 123.0
3.0 124.0
3.0 125.0
3.0 126.0
3.0 127.0
3.0 128.0
3.0 129.0
3.0 130.0
3.0 131.0
3.0 132.0
3.0 133.0
3.0 134.0
3.0 135.0
3.0 136.0
3.0 137.0
3.0 138.0
3.0 139.0
3.0 140.0
3.0 141.0
3.0 142.0
3.0 143.0
3.0 144.0
3.0 145.0
3.0 146.0
3.0 147.0
3.0 148.0
3.0 149.0
3.0 150.0
3.0 151.0
3.0 152.0
3.0 153.0
3.0 154.0
3.0 155.0
3.0 156.0
3.0 157.0
3.0 158.0
3.0 159.0
3.0 160.0
3.0 161.0
3.0 162.0
3.0 163.0
3.0 164.0
3.0 165.0
3.0 166.0
3.0 167.0
3.0 168.0
3.0 169.0
3.0 170.0
3.0 171.0
3.0 172.0
3.0 173.0
3.0 174.0
3.0 175.0
3.0 176.0
3.0 177.0
3.0 178.0
3.0 179.0
3.0 180.0
3.0 181.0
3.0 182.0
3.0 183.0
3.0 184.0
3.0 185.0
3.0 186.0
3.0 187.0
3.0 188.0
3.0 189.0
3.0 190.0
3.0 191.0
3.0 192.0
3.0 193.0
3.0 194.0
3.0 195.0
3.0 196.0
3.0 197.0
3.0 198.0
3.0 199.0
3.0 200.0
3.0 201.0
3.0 202.0
3.0 203.0
3.0 204.0
3.0 205.0
3.0 206.0
3.0 207.0
3.0 208.0
3.0 209.0
3.0 210.0
3.0 211.0
3.0 212.0
3.0 213.0
3.0 214.0
3.0 215.0
3.0 216.0
3.0 217.0
3.0 218.0
3.0 219.0
3.0 220.0
3.0 221.0
3.0 222.0
3.0 223.0
3.0 224.0
3.0 225.0
3.0 226.0
3.0 227.0
3.0 228.0
3.0 229.0
3.0 230.0
3.0 231.0
3.0 232.0
3.0 233.0
3.0 234.0
3.0 235.0
3.0 236.0
3.0 237.0
3.0 238.0
3.0 239.0
3.0 240.0
3.0 241.0
3.0 242.0
3.0 243.0
3.0 244.0
3.0 245.0
3.0 246.0
3.0 247.0
3.0 248.0
3.0 249.0
3.0 250.0
3.0 251.0
3.0 252.0
3.0 253.0
3.0 254.0
3.0 255.0
3.0 256.0
3.0 257.0
3.0 258.0
3.0 259.0
3.0 260.0
3.0 261.0
3.0 262.0
3.0 263.0
3.0 264.0
3.0 265.0
3.0 266.0
3.0 267.0
3.0 268.0
3.0 269.0
3.0 270.0
3.0 271.0
3.0 272.0
3.0 273.0
3.0 274.0
3.0 275.0
3.0 276.0
3.0 277.0
3.0 278.0
3.0 279.0
3.0 280.0
3.0 281.0
3.0 282.0
3.0 283.0
3.0 284.0
3.0 285.0
3.0 286.0
3.0 287.0
3.0 288.0
3.0 289.0
3.0 290.0
3.0 291.0
3.0 292.0
3.0 293.0
3.0 294.0
3.0 295.0
3.0 296.0
3.0 297.0
3.0 298.0
3.0 299.0
3.0 300.0
3.0 301.0
3.0 302.0
3.0 303.0
3.0 304.0
3.0 305.0
3.0 306.0
3.0 307.0
3.0 308.0
3.0 309.0
3.0 310.0
3.0 311.0
3.0 312.0
3.0 313.0
3.0 314.0
3.0 315.0
3.0 316.0
3.0 317.0
3.0 318.0
3.0 319.0
3.0 320.0
3.0 321.0
3.0 322.0
3.0 323.0
3.0 324.0
3.0 325.0
3.0 326.0
3.0 327.0
3.0 328.0
3.0 329.0
3.0 330.0
3.0 331.0
3.0 332.0
3.0 333.0
3.0 334.0
3.0 335.0
3.0 336.0
3.0 337.0
3.0 338.0
3.0 339.0
3.0 340.0
3.0 341.0
3.0 342.0
3.0 343.0
3.0 344.0
3.0 345.0
3.0 346.0
3.0 347.0
3.0 348.0
3.0 349.0
3.0 350.0
3.0 351.0
3.0 352.0
3.0 353.0
3.0 354.0
3.0 355.0
3.0 356.0
3.0 357.0
3.0 358.0
3.0 359.0
3.0 360.0
3.0 361.0
3.0 362.0
3.0 363.0
3.0 364.0
3.0 365.0
3.0 366.0
3.0 367.0
3.0 368.0
3.0 369.0
3.0 370.0
3.0 371.0
3.0 372.0
3.0 373.0
3.0 374.0
3.0 375.0
3.0 376.0
3.0 377.0
3.0 378.0
3.0 379.0
3.0 380.0
3.0 381.0
3.0 382.0
3.0 383.0
3.0 384.0
3.0 385.0
3.0 386.0
3.0 387.0
3.0 388.0
3.0 389.0
3.0 390.0
3.0 391.0
3.0 392.0
3.0 393.0
3.0 394.0
3.0 395.0
3.0 396.0
3.0 397.0
3.0 398.0
3.0 399.0
3.0 400.0
3.0 401.0
3.0 402.0
3.0 403.0
3.0 404.0
3.0 405.0
3.0 406.0
3.0 407.0
3.0 408.0
3.0 409.0
3.0 410.0
3.0 411.0
3.0 412.0
3.0 413.0
3.0 414.0
3.0 415.0
3.0 416.0
3.0 417.0
3.0 418.0
3.0 419.0
3.0 420.0
3.0 421.0
3.0 422.0
3.0 423.0
3.0 424.0
3.0 425.0
3.0 426.0
3.0 427.0
3.0 428.0
3.0 429.0
3.0 430.0
3.0 431.0
3.0 432.0
3.0 433.0
3.0 434.0
3.0 435.0
3.0 436.0
3.0 437.0
3.0 438.0
3.0 439.0
3.0 440.0
3.0 441.0
3.0 442.0
3.0 443.0
3.0 444.0
3.0 445.0
3.0 446.0
3.0 447.0
3.0 448.0
3.0 449.0
3.0 450.0
3.0 451.0
3.0 452.0
3.0 453.0
3.0 454.0
3.0 455.0
3.0 456.0
3.0 457.0
3.0 458.0
3.0 459.0
3.0 460.0
3.0 461.0
3.0 462.0
3.0 463.0
3.0 464.0
3.0 465.0
3.0 466.0
3.0 467.0
3.0 468.0
3.0 469.0
3.0 470.0
3.0 471.0
3.0 472.0
3.0 473.0
3.0 474.0
3.0 475.0
3.0 476.0
3.0 477.0
3.0 478.0
3.0 479.0
3.0 480.0
3.0 481.0
3.0 482.0
3.0 483.0
3.0 484.0
3.0 485.0
3.0 486.0
3.0 487.0
3.0 488.0
3.0 489.0
3.0 490.0
3.0 491.0
3.0 492.0
3.0 493.0
3.0 494.0
3.0 495.0
3.0 496.0
3.0 497.0
3.0 498.0
3.0 499.0
-3.0 1.0
-3.0 2.0
-3.0 3.0
-3.0 4.0
-3.0 5.0
-3.0 6.0
-3.0 7.0
-3.0 8.0
-3.0 9.0
-3.0 10.0
-3.0 11.0
-3.0 12.0
-3.0 13.0
-3.0 14.0
-3.0 15.0
-3.0 16.0
-3.0 17.0
-3.0 18.0
-3.0 19.0
-3.0 20.0
-3.0 21.0
-3.0 22.0
-3.0 23.0
-3.0 24.0
-3.0 25.0
-3.0 26.0
-3.0 27.0
-3.0 28.0
-3.0 29.0
-3.0 30.0
-3.0 31.0
-3.0 32.0
-3.0 33.0
-3.0 34.0
-3.0 35.0
-3.0 36.0
-3.0 37.0
-3.0 38.0
-3.0 39.0
-3.0 40.0
-3.0 41.0
-3.0 42.0
-3.0 43.0
-3.0 44.0
-3.0 45.0
-3.0 46.0
-3.0 47.0
-3.0 48.0
-3.0 49.0
-3.0 50.0
-3.0 51.0
-3.0 52.0
-3.0 53.0
-3.0 54.0
-3.0 55.0
-3.0 56.0
-3.0 57.0
-3.0 58.0
-3.0 59.0
-3.0 60.0
-3.0 61.0
-3.0 62.0
-3.0 63.0
-3.0 64.0
-3.0 65.0
-3.0 66.0
-3.0 67.0
-3.0 68.0
-3.0 69.0
-3.0 70.0
-3.0 71.0
-3.0 72.0
-3.0 73.0
-3.0 74.0
-3.0 75.0
-3.0 76.0
-3.0 77.0
-3.0 78.0
-3.0 79.0
-3.0 80.0
-3.0 81.0
-3.0 82.0
-3.0 83.0
-3.0 84.0
-3.0 85.0
-3.0 86.0
-3.0 87.0
-3.0 88.0
-3.0 89.0
-3.0 90.0
-3.0 91.0
-3.0 92.0
-3.0 93.0
-3.0 94.0
-3.0 95.0
-3.0 96.0
-3.0 97.0
-3.0 98.0
-3.0 99.0
-3.0 100.0
-3.0 101.0
-3.0 102.0
-3.0 103.0
-3.0 104.0
-3.0 105.0
-3.0 106.0
-3.0 107.0
-3.0 108.0
-3.0 109.0
-3.0 110.0
-3.0 111.0
-3.0 112.0
-3.0 113.0
-3.0 114.0
-3.0 115.0
-3.0 116.0
-3.0 117.0
-3.0 118.0
-3.0 119.0
-3.0 120.0
-3.0 121.0
-3.0 122.0
-3.0 123.0
-3.0 124.0
-3.0 125.0
-3.0 126.0
-3.0 127.0
-3.0 128.0
-3.0 129.0
-3.0 130.0
-3.0 131.0
-3.0 132.0
-3.0 133.0
-3.0 134.0
-3.0 135.0
-3.0 136.0
-3.0 137.0
-3.0 138.0
-3.0 139.0
-3.0 140.0
-3.0 141.0
-3.0 142.0
-3.0 143.0
-3.0 144.0
-3.0 145.0
-3.0 146.0
-3.0 147.0
-3.0 148.0
-3.0 149.0
-3.0 150.0
-3.0 151.0
-3.0 152.0
-3.0 153.0
-3.0 154.0
-3.0 155.0
-3.0 156.0
-3.0 157.0
-3.0 158.0
-3.0 159.0
-3.0 160.0
-3.0 161.0
-3.0 162.0
-3.0 163.0
-3.0 164.0
-3.0 165.0
-3.0 166.0
-3.0 167.0
-3.0 168.0
-3.0 169.0
-3.0 170.0
-3.0 171.0
-3.0 172.0
-3.0 173.0
-3.0 174.0
-3.0 175.0
-3.0 176.0
-3.0 177.0
-3.0 178.0
-3.0 179.0
-3.0 180.0
-3.0 181.0
-3.0 182.0
-3.0 183.0
-3.0 184.0
-3.0 185.0
-3.0 186.0
-3.0 187.0
-3.0 188.0
-3.0 189.0
-3.0 190.0
-3.0 191.0
-3.0 192.0
-3.0 193.0
-3.0 194.0
-3.0 195.0
-3.0 196.0
-3.0 197.0
-3.0 198.0
-3.0 199.0
-3.0 200.0
-3.0 201.0
-3.0 202.0
-3.0 203.0
-3.0 204.0
-3.0 205.0
-3.0 206.0
-3.0 207.0
-3.0 208.0
-3.0 209.0
-3.0 210.0
-3.0 211.0
-3.0 212.0
-3.0 213.0
-3.0 214.0
-3.0 215.0
-3.0 216.0
-3.0 217.0
-3.0 218.0
-3.0 219.0
-3.0 220.0
-3.0 221.0
-3.0 222.0
-3.0 223.0
-3.0 224.0
-3.0 225.0
-3.0 226.0
-3.0 227.0
-3.0 228.0
-3.0 229.0
-3.0 230.0
-3.0 231.0
-3.0 232.0
-3.0 233.0
-3.0 234.0
-3.0 235.0
-3.0 236.0
-3.0 237.0
-3.0 238.0
-3.0 239.0
-3.0 240.0
-3.0 241.0
-3.0 242.0
-3.0 243.0
-3.0 244.0
-3.0 245.0
-3.0 246.0
-3.0 247.0
-3.0 248.0
-3.0 249.0
-3.0 250.0
-3.0 251.0
-3.0 252.0
-3.0 253.0
-3.0 254.0
-3.0 255.0
-3.0 256.0
-3.0 257.0
-3.0 258.0
-3.0 259.0
-3.0 260.0
-3.0 261.0
-3.0 262.0
-3.0 263.0
-3.0 264.0
-3.0 265.0
-3.0 266.0
-3.0 267.0
-3.0 268.0
-3.0 269.0
-3.0 270.0
-3.0 271.0
-3.0 272.0
-3.0 273.0
-3.0 274.0
-3.0 275.0
-3.0 276.0
-3.0 277.0
-3.0 278.0
-3.0 279.0
-3.0 280.0
-3.0 281.0
-3.0 282.0
-3.0 283.0
-3.0 284.0
-3.0 285.0
-3.0 286.0
-3.0 287.0
-3.0 288.0
-3.0 289.0
-3.0 290.0
-3.0 291.0
-3.0 292.0
-3.0 293.0
-3.0 294.0
-3.0 295.0
-3.0 296.0
-3.0 297.0
-3.0 298.0
-3.0 299.0
-3.0 300.0
-3.0 301.0
-3.0 302.0
-3.0 303.0
-3.0 304.0
-3.0 305.0
-3.0 306.0
-3.0 307.0
-3.0 308.0
-3.0 309.0
-3.0 310.0
-3.0 311.0
-3.0 312.0
-3.0 313.0
-3.0 314.0
-3.0 315.0
-3.0 316.0
-3.0 317.0
-3.0 318.0
-3.0 319.0
-3.0 320.0
-3.0 321.0
-3.0 322.0
-3.0 323.0
-3.0 324.0
-3.0 325.0
-3.0 326.0
-3.0 327.0
-3.0 328.0
-3.0 329.0
-3.0 330.0
-3.0 331.0
-3.0 332.0
-3.0 333.0
-3.0 334.0
-3.0 335.0
-3.0 336.0
-3.0 337.0
-3.0 338.0
-3.0 339.0
-3.0 340.0
-3.0 341.0
-3.0 342.0
-3.0 343.0
-3.0 344.0
-3.0 345.0
-3.0 346.0
-3.0 347.0
-3.0 348.0
-3.0 349.0
-3.0 350.0
-3.0 351.0
-3.0 352.0
-3.0 353.0
-3.0 354.0
-3.0 355.0
-3.0 356.0
-3.0 357.0
-3.0 358.0
-3.0 359.0
-3.0 360.0
-3.0 361.0
-3.0 362.0
-3.0 363.0
-3.0 364.0
-3.0 365.0
-3.0 366.0
-3.0 367.0
-3.0 368.0
-3.0 369.0
-3.0 370.0
-3.0 371.0
-3.0 372.0
-3.0 373.0
-3.0 374.0
-3.0 375.0
-3.0 376.0
-3.0 377.0
-3.0 378.0
-3.0 379.0
-3.0 380.0
-3.0 381.0
-3.0 382.0
-3.0 383.0
-3.0 384.0
-3.0 385.0
-3.0 386.0
-3.0 387.0
-3.0 388.0
-3.0 389.0
-3.0 390.0
-3.0 391.0
-3.0 392.0
-3.0 393.0
-3.0 394.0
-3.0 395.0
-3.0 396.0
-3.0 397.0
-3.0 398.0
-3.0 399.0
-3.0 400.0
-3.0 401.0
-3.0 402.0
-3.0 403.0
-3.0 404.0
-3.0 405.0
-3.0 406.0
-3.0 407.0
-3.0 408.0
-3.0 409.0
-3.0 410.0
-3.0 411.0
-3.0 412.0
-3.0 413.0
-3.0 414.0
-3.0 415.0
-3.0 416.0
-3.0 417.0
-3.0 418.0
-3.0 419.0
-3.0 420.0
-3.0 421.0
-3.0 422.0
-3.0 423.0
-3.0 424.0
-3.0 425.0
-3.0 426.0
-3.0 427.0
-3.0 428.0
-3.0 429.0
-3.0 430.0
-3.0 431.0
-3.0 432.0
-3.0 433.0
-3.0 434.0
-3.0 435.0
-3.0 436.0
-3.0 437.0
-3.0 438.0
-3.0 439.0
-3.0 440.0
-3.0 441.0
-3.0 442.0
-3.0 443.0
-3.0 444.0
-3.0 445.0
-3.0 446.0
-3.0 447.0
-3.0 448.0
-3.0 449.0
-3.0 450.0
-3.0 451.0
-3.0 452.0
-3.0 453.0
-3.0 454.0
-3.0 455.0
-3.0 456.0
-3.0 457.0
-3.0 458.0
-3.0 459.0
-3.0 460.0
-3.0 461.0
-3.0 462.0
-3.0 463.0
-3.0 464.0
-3.0 465.0
-3.0 466.0
-3.0 467.0
-3.0 468.0
-3.0 469.0
-3.0 470.0
-3.0 471.0
-3.0 472.0
-3.0 473.0
-3.0 474.0
-3.0 475.0
-3.0 476.0
-3.0 477.0
-3.0 478.0
-3.0 479.0
-3.0 480.0
-3.0 481.0
-3.0 482.0
-3.0 483.0
-3.0 484.0
-3.0 485.0
-3.0 486.0
-3.0 487.0
-3.0 488.0
-3.0 489.0
-3.0 490.0
-3.0 491.0
-3.0 492.0
-3.0 493.0
-3.0 494.0
-3.0 495.0
-3.0 496.0
-3.0 497.0
-3.0 498.0
-3.0 499.0
-1.0 2.0
-1.0 3.0
-1.0 4.0
-1.0 5.0
-1.0 6.0
-1.0 7.0
-1.0 8.0
-1.0 9.0
-1.0 10.0
-1.0 11.0
-1.0 12.0
-1.0 13.0
-1.0 14.0
-1.0 15.0
-1.0 16.0
-1.0 17.0
-1.0 18.0
-1.0 19.0
-1.0 20.0
-1.0 21.0
-1.0 22.0
-1.0 23.0
-1.0 24.0
-1.0 25.0
-1.0 26.0
-1.0 27.0
-1.0 28.0
-1.0 29.0
-1.0 30.0
-1.0 31.0
-1.0 32.0
-1.0 33.0
-1.0 34.0
-1.0 35.0
-1.0 36.0
-1.0 37.0
-1.0 38.0
-1.0 39.0
-1.0 40.0
-1.0 41.0
-1.0 42.0
-1.0 43.0
-1.0 44.0
-1.0 45.0
-1.0 46.0
-1.0 47.0
-1.0 48.0
-1.0 49.0
-1.0 50.0
-1.0 51.0
-1.0 52.0
-1.0 53.0
-1.0 54.0
-1.0 55.0
-1.0 56.0
-1.0 57.0
-1.0 58.0
-1.0 59.0
-1.0 60.0
-1.0 61.0
-1.0 62.0
-1.0 63.0
-1.0 64.0
-1.0 65.0
-1.0 66.0
-1.0 67.0
-1.0 68.0
-1.0 69.0
-1.0 70.0
-1.0 71.0
-1.0 72.0
-1.0 73.0
-1.0 74.0
-1.0 75.0
-1.0 76.0
-1.0 77.0
-1.0 78.0
-1.0 79.0
-1.0 80.0
-1.0 81.0
-1.0 82.0
-1.0 83.0
-1.0 84.0
-1.0 85.0
-1.0 86.0
-1.0 87.0
-1.0 88.0
-1.0 89.0
-1.0 90.0
-1.0 91.0
-1.0 92.0
-1.0 93.0
-1.0 94.0
-1.0 95.0
-1.0 96.0
-1.0 97.0
-1.0 98.0
-1.0 99.0
-1.0 100.0
-1.0 101.0
-1.0 102.0
-1.0 103.0
-1.0 104.0
-1.0 105.0
-1.0 106.0
-1.0 107.0
-1.0 108.0
-1.0 109.0
-1.0 110.0
-1.0 111.0
-1.0 112.0
-1.0 113.0
-1.0 114.0
-1.0 115.0
-1.0 116.0
-1.0 117.0
-1.0 118.0
-1.0 119.0
-1.0 120.0
-1.0 121.0
-1.0 122.0
-1.0 123.0
-1.0 124.0
-1.0 125.0
-1.0 126.0
-1.0 127.0
-1.0 128.0
-1.0 129.0
-1.0 130.0
-1.0 131.0
-1.0 132.0
-1.0 133.0
-1.0 134.0
-1.0 135.0
-1.0 136.0
-1.0 137.0
-1.0 138.0
-1.0 139.0
-1.0 140.0
-1.0 141.0
-1.0 142.0
-1.0 143.0
-1.0 144.0
-1.0 145.0
-1.0 146.0
-1.0 147.0
-1.0 148.0
-1.0 149.0
-1.0 150.0
-1.0 151.0
-1.0 152.0
-1.0 153.0
-1.0 154.0
-1.0 155.0
-1.0 156.0
-1.0 157.0
-1.0 158.0
-1.0 159.0
-1.0 160.0
-1.0 161.0
-1.0 162.0
-1.0 163.0
-1.0 164.0
-1.0 165.0
-1.0 166.0
-1.0 167.0
-1.0 168.0
-1.0 169.0
-1.0 170.0
-1.0 171.0
-1.0 172.0
-1.0 173.0
-1.0 174.0
-1.0 175.0
-1.0 176.0
-1.0 177.0
-1.0 178.0
-1.0 179.0
-1.0 180.0
-1.0 181.0
-1.0 182.0
-1.0 183.0
-1.0 184.0
-1.0 185.0
-1.0 186.0
-1.0 187.0
-1.0 188.0
-1.0 189.0
-1.0 190.0
-1.0 191.0
-1.0 192.0
-1.0 193.0
-1.0 194.0
-1.0 195.0
-1.0 196.0
-1.0 197.0
-1.0 198.0
-1.0 199.0
-1.0001 1.0
-1.0001 2.0
-1.0001 3.0
-1.0001 4.0
-1.0001 5.0
-1.0001 6.0
-1.0001 7.0
-1.0001 8.0
-1.0001 9.0
-1.0001 10.0
-1.0001 11.0
-1.0001 12.0
-1.0001 13.0
-1.0001 14.0
-1.0001 15.0
-1.0001 16.0
-1.0001 17.0
-1.0001 18.0
-1.0001 19.0
-1.0001 20.0
-1.0001 21.0
-1.0001 22.0
-1.0001 23.0
-1.0001 24.0
-1.0001 25.0
-1.0001 26.0
-1.0001 27.0
-1.0001 28.0
-1.0001 29.0
-1.0001 30.0
-1.0001 31.0
-1.0001 32.0
-1.0001 33.0
-1.0001 34.0
-1.0001 35.0
-1.0001 36.0
-1.0001 37.0
-1.0001 38.0
-1.0001 39.0
-1.0001 40.0
-1.0001 41.0
-1.0001 42.0
-1.0001 43.0
-1.0001 44.0
-1.0001 45.0
-1.0001 46.0
-1.0001 47.0
-1.0001 48.0
-1.0001 49.0
-1.0001 50.0
-1.0001 51.0
-1.0001 52.0
-1.0001 53.0
-1.0001 54.0
-1.0001 55.0
-1.0001 56.0
-1.0001 57.0
-1.0001 58.0
-1.0001 59.0
-1.0001 60.0
-1.0001 61.0
-1.0001 62.0
-1.0001 63.0
-1.0001 64.0
-1.0001 65.0
-1.0001 66.0
-1.0001 67.0
-1.0001 68.0
-1.0001 69.0
-1.0001 70.0
-1.0001 71.0
-1.0001 72.0
-1.0001 73.0
-1.0001 74.0
-1.0001 75.0
-1.0001 76.0
-1.0001 77.0
-1.0001 78.0
-1.0001 79.0
-1.0001 80.0
-1.0001 81.0
-1.0001 82.0
-1.0001 83.0
-1.0001 84.0
-1.0001 85.0
-1.0001 86.0
-1.0001 87.0
-1.0001 88.0
-1.0001 89.0
-1.0001 90.0
-1.0001 91.0
-1.0001 92.0
-1.0001 93.0
-1.0001 94.0
-1.0001 95.0
-1.0001 96.0
-1.0001 97.0
-1.0001 98.0
-1.0001 99.0
-1.0001 100.0
-1.0001 101.0
-1.0001 102.0
-1.0001 103.0
-1.0001 104.0
-1.0001 105.0
-1.0001 106.0
-1.0001 107.0
-1.0001 108.0
-1.0001 109.0
-1.0001 110.0
-1.0001 111.0
-1.0001 112.0
-1.0001 113.0
-1.0001 114.0
-1.0001 115.0
-1.0001 116.0
-1.0001 117.0
-1.0001 118.0
-1.0001 119.0
-1.0001 120.0
-1.0001 121.0
-1.0001 122.0
-1.0001 123.0
-1.0001 124.0
-1.0001 125.0
-1.0001 126.0
-1.0001 127.0
-1.0001 128.0
-1.0001 129.0
-1.0001 130.0
-1.0001 131.0
-1.0001 132.0
-1.0001 133.0
-1.0001 134.0
-1.0001 135.0
-1.0001 136.0
-1.0001 137.0
-1.0001 138.0
-1.0001 139.0
-1.0001 140.0
-1.0001 141.0
-1.0001 142.0
-1.0001 143.0
-1.0001 144.0
-1.0001 145.0
-1.0001 146.0
-1.0001 147.0
-1.0001 148.0
-1.0001 149.0
-1.0001 150.0
-1.0001 151.0
-1.0001 152.0
-1.0001 153.0
-1.0001 154.0
-1.0001 155.0
-1.0001 156.0
-1.0001 157.0
-1.0001 158.0
-1.0001 159.0
-1.0001 160.0
-1.0001 161.0
-1.0001 162.0
-1.0001 163.0
-1.0001 164.0
-1.0001 165.0
-1.0001 166.0
-1.0001 167.0
-1.0001 168.0
-1.0001 169.0
-1.0001 170.0
-1.0001 171.0
-1.0001 172.0
-1.0001 173.0
-1.0001 174.0
-1.0001 175.0
-1.0001 176.0
-1.0001 177.0
-1.0001 178.0
-1.0001 179.0
-1.0001 180.0
-1.0001 181.0
-1.0001 182.0
-1.0001 183.0
-1.0001 184.0
-1.0001 185.0
-1.0001 186.0
-1.0001 187.0
-1.0001 188.0
-1.0001 189.0
-1.0001 190.0
-1.0001 191.0
-1.0001 192.0
-1.0001 193.0
-1.0001 194.0
-1.0001 195.0
-1.0001 196.0
-1.0001 197.0
-1.0001 198.0
-1.0001 199.0
-2.5 400
2.5 400
0.0 0.0